100.0 0.6666666666666667
100.0 1.3333333333333335
100.0 2.0
100.0 2.666666666666667
100.0 3.3333333333333335
100.0 4.0
100.0 4.666666666666667
100.0 5.333333333333334
100.0 6.0
100.0 6.666666666666667
100.0 7.333333333333333
100.0 8.0
100.0 8.666666666666668
100.0 9.333333333333334
100.0 10.0
100.0 10.666666666666668
100.0 11.333333333333332
100.0 12.0
100.0 12.666666666666668
100.0 13.333333333333334
100.0 14.000000000000002
100.0 14.666666666666666
100.0 15.333333333333332
100.0 16.0
100.0 16.666666666666664
100.0 17.333333333333336
100.0 18.0
100.0 18.666666666666668
100.0 19.333333333333332
100.0 20.0
100.0 20.666666666666668
100.0 21.333333333333336
100.0 22.0
100.0 22.666666666666664
100.0 23.333333333333332
100.0 24.0
100.0 24.666666666666668
100.0 25.333333333333336
100.0 26.0
100.0 26.666666666666668
100.0 27.333333333333332
100.0 28.000000000000004
100.0 28.666666666666668
100.0 29.333333333333332
100.0 30.0
100.0 30.666666666666664
100.0 31.333333333333336
100.0 32.0
100.0 32.666666666666664
100.0 33.33333333333333
100.0 34.0
100.0 34.66666666666667
100.0 35.333333333333336
100.0 36.0
100.0 36.666666666666664
100.0 37.333333333333336
100.0 38.0
100.0 38.666666666666664
100.0 39.33333333333333
100.0 40.0
100.0 40.666666666666664
100.0 41.333333333333336
100.0 42.0
100.0 42.66666666666667
100.0 43.333333333333336
100.0 44.0
100.0 44.666666666666664
100.0 45.33333333333333
100.0 46.0
100.0 46.666666666666664
98.59154929577466 46.666666666666664
97.22222222222221 46.666666666666664
97.26027397260275 47.333333333333336
97.2972972972973 48.0
96.0 48.0
94.73684210526315 48.0
94.8051948051948 48.66666666666667
93.58974358974359 48.66666666666667
93.67088607594937 49.333333333333336
92.5 49.333333333333336
92.5925925925926 50.0
91.46341463414635 50.0
90.36144578313254 50.0
90.47619047619048 50.66666666666667
89.41176470588236 50.66666666666667
89.53488372093024 51.33333333333333
89.65517241379311 52.0
89.77272727272727 52.666666666666664
88.76404494382022 52.666666666666664
87.77777777777777 52.666666666666664
86.81318681318682 52.666666666666664
86.95652173913044 53.333333333333336
86.02150537634408 53.333333333333336
86.17021276595744 54.0
85.26315789473684 54.0
85.41666666666666 54.666666666666664
84.5360824742268 54.666666666666664
83.6734693877551 54.666666666666664
82.82828282828282 54.666666666666664
82.0 54.666666666666664
82.17821782178217 55.333333333333336
81.37254901960785 55.333333333333336
80.58252427184466 55.333333333333336
79.8076923076923 55.333333333333336
79.04761904761905 55.333333333333336
78.30188679245283 55.333333333333336
77.57009345794393 55.333333333333336
76.85185185185185 55.333333333333336
76.14678899082568 55.333333333333336
75.45454545454545 55.333333333333336
75.67567567567568 56.00000000000001
75.89285714285714 56.666666666666664
75.22123893805309 56.666666666666664
75.43859649122807 57.333333333333336
75.65217391304347 57.99999999999999
75.0 57.99999999999999
75.21367521367522 58.666666666666664
74.57627118644068 58.666666666666664
73.94957983193278 58.666666666666664
74.16666666666667 59.333333333333336
73.55371900826447 59.333333333333336
73.77049180327869 60.0
73.17073170731707 60.0
72.58064516129032 60.0
72.0 60.0
71.42857142857143 60.0
70.86614173228347 60.0
70.3125 60.0
69.76744186046511 60.0
69.23076923076923 60.0
68.70229007633588 60.0
68.18181818181817 60.0
67.66917293233082 60.0
67.16417910447761 60.0
66.66666666666666 60.0
66.17647058823529 60.0
65.69343065693431 60.0
65.21739130434783 60.0
64.74820143884892 60.0
64.28571428571429 60.0
63.829787234042556 60.0
63.38028169014085 60.0
62.93706293706294 60.0
62.5 60.0
62.06896551724138 60.0
61.64383561643836 60.0
61.224489795918366 60.0
60.810810810810814 60.0
60.40268456375839 60.0
60.0 60.0
